1 2 -2.904003396853937e-02
1 3 -7.130721974610799e-32
1 4 -2.659903303060982e-03
1 5 -5.225050474885838e-32
1 6 -1.346512051339475e-02
1 7 -3.725422613968540e-32
1 8 -2.786793845765598e-02
1 9 -1.561368808757005e-31
1 10 -1.769670037573488e-01
2 3 -2.196157203489925e-01
2 4 -3.328055447638521e-31
2 5 -1.185860079114176e-06
2 6 -5.870951913480153e-32
2 7 -1.752525807646334e-04
2 8 2.751273804617003e-32
2 9 -1.167807241624245e-03
2 10 5.479707732708781e-32
3 4 -8.688084260106220e-04
3 5 1.457541216242070e-31
3 6 -4.317043074385803e-03
3 7 7.887786819233641e-32
3 8 -7.001523170840578e-03
3 9 -4.219770108159011e-33
3 10 -1.819690497977047e-02
4 5 -2.176096705096284e-01
4 6 2.463801923537436e-32
4 7 -2.358010360344267e-02
4 8 -6.195310651334334e-32
4 9 -5.281514157857799e-03
4 10 -7.584104721550080e-32
5 6 -3.224295682930092e-02
5 7 8.283324716366337e-32
5 8 -1.338698997137281e-04
5 9 -7.110183397092381e-33
5 10 -1.231690127841006e-05
6 7 -1.719280951779962e-01
6 8 -8.206641262323555e-33
6 9 -2.804678440492266e-02
6 10 -1.256069385489835e-32
7 8 -5.200608365539609e-02
7 9 -9.643962657335118e-33
7 10 -2.310464982400671e-03
8 9 -1.629905848163938e-01
8 10 4.641113733050053e-33
9 10 -5.251330937920150e-02
