1 2 -8.520568344972559e-02
1 3 7.986017767924126e-02
1 4 -2.736087864583376e-02
1 5 2.553071002569983e-02
1 6 -6.267592960899743e-02
1 7 5.965095452767273e-02
1 8 -9.537089820179759e-02
1 9 9.640084552647898e-02
1 10 -2.103372314625670e-01
2 3 -2.343158767289321e-01
2 4 1.381318168719999e-02
2 5 -1.288921824306653e-02
2 6 3.143454071246514e-02
2 7 -2.991739205681212e-02
2 8 4.447040236620058e-02
2 9 -4.495065549171544e-02
2 10 7.168771024676474e-02
3 4 -1.473777820781190e-02
3 5 1.374994964791364e-02
3 6 -3.353371351549516e-02
3 7 3.177324716613589e-02
3 8 -4.722901926998265e-02
3 9 4.704327456384712e-02
3 10 -7.502503799112829e-02
4 5 -2.332432584822273e-01
4 6 8.376382997380401e-02
4 7 -7.936636281305566e-02
4 8 4.043970557354489e-02
4 9 -4.028066222807489e-02
4 10 2.570431245619324e-02
5 6 -8.978161954055647e-02
5 7 7.445448375059806e-02
5 8 -3.793694576374333e-02
5 9 3.762043519051025e-02
5 10 -2.400674088721552e-02
6 7 -2.073210645219126e-01
6 8 9.455848402200498e-02
6 9 -9.376957602270951e-02
6 10 5.893470257873534e-02
7 8 -1.140242119632888e-01
7 9 9.206792052068574e-02
7 10 -5.786520258569975e-02
8 9 -2.018604622111483e-01
8 10 9.251580949416305e-02
9 10 -1.145789131769034e-01
