1 2 1.000000000000000e+00
1 3 4.024156162722389e-01
1 4 1.393209276084836e+00
1 5 8.016496142101772e-01
1 6 1.349315423182710e+00
1 7 9.356729166061620e-01
1 8 1.293583051595480e+00
1 9 7.995964167402728e-01
1 10 1.000000000000049e+00
2 3 1.000000000000000e+00
2 4 1.994983389560322e+00
2 5 1.414370808531259e+00
2 6 1.973838147594204e+00
2 7 1.591164395380078e+00
2 8 1.971420616142316e+00
2 9 1.539361254889462e+00
2 10 1.829011058067570e+00
3 4 1.000000000000000e+00
3 5 4.234334777482306e-01
3 6 1.004177339530356e+00
3 7 6.389783021528455e-01
3 8 1.050519242411906e+00
3 9 6.537232362291839e-01
3 10 1.029556106696245e+00
4 5 1.000000000000000e+00
4 6 1.809711573547284e+00
4 7 1.556946341288437e+00
4 8 1.995062330046127e+00
4 9 1.621479210595819e+00
4 10 2.007761411477325e+00
5 6 1.000000000000000e+00
5 7 8.415643527220855e-01
5 8 1.355987300201373e+00
5 9 9.998907325657795e-01
5 10 1.408962811798179e+00
6 7 1.000000000000000e+00
6 8 1.688502214384372e+00
6 9 1.450339816135042e+00
6 10 1.897915022471776e+00
7 8 1.000000000000000e+00
7 9 9.141766513368645e-01
7 10 1.445156677318944e+00
8 9 1.000000000000000e+00
8 10 1.685341016677133e+00
9 10 1.000000000000000e+00
