1 2 -1.994514008679906e-01
1 3 1.597203553584825e-01
1 4 -5.738166059472850e-02
1 5 5.106142005139966e-02
1 6 -1.388169797313896e-01
1 7 1.193019090553455e-01
1 8 -2.186097348612512e-01
1 9 1.928016910529580e-01
1 10 -5.976414666824827e-01
2 3 -6.882474738068567e-01
2 4 2.762636337439998e-02
2 5 -2.577962234621217e-02
2 6 6.286908142493028e-02
2 7 -6.001003669438887e-02
2 8 8.894080473240117e-02
2 9 -9.106911822505512e-02
2 10 1.433754204935295e-01
3 4 -3.034436484163442e-02
3 5 2.749989929582728e-02
3 6 -7.138447010537613e-02
3 7 6.354649433227177e-02
3 8 -1.014595617108059e-01
3 9 9.408654912769424e-02
3 10 -1.682469809620271e-01
4 5 -6.840961874740830e-01
4 6 1.675276599476080e-01
4 7 -1.823128292295540e-01
4 8 8.087941114708978e-02
4 9 -8.584283861400757e-02
4 10 5.140862491238648e-02
5 6 -2.118061959104139e-01
5 7 1.489089675011961e-01
5 8 -7.600776142720039e-02
5 9 7.524087038102049e-02
5 10 -4.802579867570945e-02
6 7 -5.865702242218214e-01
6 8 1.891169680440100e-01
6 9 -2.155859364503417e-01
6 10 1.178694051574707e-01
7 8 -2.800545075819737e-01
7 9 1.841358410413715e-01
7 10 -1.180408701538002e-01
8 9 -5.667115092386904e-01
8 10 1.850316189883261e-01
9 10 -2.816711357330083e-01
